0.
0.
0.
0.
0.
0.
0.
0.
0.
0.
0.
0.
0.
0.
0.
0.
0.
0.
0.
0.
0.
0.
0.
0.
0.
0.
0.
0.
0.
0.
0.
0.
0.
0.
0.
0.
0.
0.
0.
0.
0.
0.
0.
0.
0.
0.
0.
0.
0.
0.
0.
0.
0.
0.
0.
0.
0.
0.
0.
0.
0.
0.
0.
0.
0.
0.
0.
0.
0.
0.
0.
0.
0.
0.
0.
0.
0.
0.
0.
0.
0.
0.
0.
0.
0.
0.
0.
0.
0.
0.
0.0000619608144085255
0.0000733782064776637
0.00008427542696936456
0.00009067553455616413
0.00009583781125560318
0.00007354055897222166
0.00012126948078649325
0.0001329140556076751
0.0001323357354221484
0.00019028278889062522
0.00019479386453437529
0.000198060992879446
0.00020131844530862117
0.0005795425194952233
0.0005830799398324103
0.0005801531511939359
0.0005719067074741109
0.0009062398965426701
0.0008981726131819625
0.0008901045412462406
0.0008820356816416864
0.0013810577789686125
0.0013632977481485384
0.0013459202460149543
0.0013472836745037993
0.002080457808416714
0.002078879201174747
0.002077873902039479
0.0020790947033860765
0.0029077568502967207
0.0028930901633144033
0.0029069202417611297
0.002931141988519055
0.004160630103605074
0.0041257989071859
0.004122351118451834
0.004118904941235795
0.004471169672852276
0.0053607200920087
0.005350997690708981
0.005341254903858945
0.005331491823294418
0.006826647883982626
0.006795958567437689
0.006765291228300311
0.006741612128210347
0.006729804248642489
0.008064363173637195
0.008076476411552503
0.008093691040865063
0.0068020001341124806
0.006828949710559521
0.008092326432316919
0.008107925523352174
0.008123541534832322
0.008131173106477345
0.008133177937168246
0.009309076448623468
0.009308093122300994
0.009307109590978056
0.00931024867416508
0.00931648591620485
0.009300288144624016
0.01038298334970918
0.010371653696572582
0.010360326407897226
0.010349001484226576
0.010337678926104158
0.01099365083399031
0.01121979041804848
0.0112720868753972
0.011334952462834575
0.011348273407625807
0.011357234603274483
0.01194186694069253
0.011945665708694427
0.01195070977343433
0.011955753507223341
0.011960796909064784
0.011965839977961787
0.011970882712917335
0.012476653025058508
0.012490271543523434
0.012517586304426485
0.012527941633601821
0.012527946136236631
0.012974863177152128
0.012974545240731265
0.012974226110089434
0.012973905785050435
0.012973584265438043
0.012973261551076021
0.012972937641788135
0.013236224206950073
0.013233833565086237
0.014043659055768888
0.014094069443321798
0.014101301884629176
0.014108536813364386
0.014133078812078804
0.014286735968949218
0.014294057412829055
0.014303072729734087
0.01431240655805418
0.014321743985512168
0.014331085012896188
0.014474886248350905
0.01448432290305067
0.014493763194821912
0.014510444625902131
0.018117632367553142
0.018147476742778577
0.018177335218950368
0.01829822408202614
0.01832437858816479
0.018350550731832487
0.018376740520176973
0.018397444744033018
0.018410107207210064
0.018422776072270875
0.018475775201689516
0.018518518165713174
0.018526433483306886
0.018535022567882687
0.018537510900264623
0.018536095792138278
0.01853496134491498
0.019896499080238488
0.01990442625823199
0.01999486097409338
0.02000442777153312
0.02001398800736179
0.020022481624230048
0.020027122418404823
0.020031758878764846
0.02003639100542216
0.020041018798489345
0.0200456422580796
0.020050628204986685
0.02005679032931766
0.020062947416801244
0.020069099467515585
0.020075246481539577
0.02008158559959385
0.020089227043446886
0.02009686276573295
0.020104492766497683
0.02011211704578754
0.020119735603649734
0.02012734844013232
0.020134955555284134
0.020143132433596767
0.020151291696757053
0.020154992520501777
0.020158690594029628
0.0201623859168177
0.020166078488343446
0.020169768308084698
0.020173455375519626
0.020177139690126796
0.021985984827292502
0.022003071463003464
0.0220205838006795
0.02204724353061577
0.0220739180559478
0.022100607381581986
0.022127311512425727
0.022147143640094267
0.02216571255858033
0.022184290757056736
0.02220287823846831
0.022221475005760508
0.02224008106187933
0.02225869640977141
0.022277321052383926
0.022299042099775103
0.022321681411854425
0.02234433273670415
0.022366996078234964
0.02238967144035833
0.022412358826986507
0.02242919741766039
0.022445025646110697
0.022460861247159746
0.02247670422306929
0.022492554576101536
0.02250841230851909
0.02252427742258505
0.02254294445959771
0.022563687003679424
0.02258444022868391
0.022605204138042883
0.02262597873518876
0.022646764023554648
0.022667560006574345
0.02269248518948821
0.022718947658127295
0.022745424651120675
0.024500415780560676
0.02452651862323084
0.024552632252007267
0.024573824236802187
0.024586254395143933
0.024598688735265342
0.024611127258150976
0.024623569964785593
0.024636016856154082
0.024648467933241516
0.024660923197033106
0.02467338264851422
0.02468584628867035
0.02470469033859227
0.024729093898214843
0.02475350634400151
0.024777927677904144
0.024802357901874895
0.02482679701786613
0.024851245027830562
0.024865208026706248
0.02487342578045034
0.024880889456422785
0.024888353672508474
0.024895818428663518
0.02490328372484403
0.02491074956100615
0.024918215937105966
0.024925682853099596
0.024933150308943164
0.02494283210432511
0.024955343806180582
0.02496785652368598
0.02498037025676466
0.02499288500533988
0.025005400769334978
0.025017917548673243
0.02503043534327794
0.025042954153072398
0.025055473977979848
0.02506799481792362
0.02508051667282694
0.025094207176119085
0.025107915384055615
0.025121624718358868
0.025135335178944427
0.025149046765727823
0.02516275947862459
0.025176473317550255
0.026898985253991287
0.026913429528518155
0.02692787480895763
0.026941074112531646
0.026953529291206865
0.026965985317863473
0.026978442192430795
0.02699089991483819
0.027003358485014957
0.027015817902890458
0.027028278168393947
0.027040739281454812
0.02705305607785202
0.027065221400788278
0.02707738754754148
0.02708955451804268
0.02710172231222295
0.02711389093001334
0.02712606037134491
0.027138230636148713
0.027150401724355788
0.027163223313567696
0.027181583724949682
0.027199945448532603
0.02721830848421062
0.027236672831877837
0.02725503849142842
0.027273405462756427
0.02729177374575602
0.027309347169398472
0.027318871351055367
0.027328396145421693
0.027337921552444293
0.027347447572070003
0.027356974204245595
0.02736650144891793
0.027376029306033813
0.027385557775540022
0.027395086857383424
0.027404616551510764
0.027414146857868867
0.027423677776404545
0.027432290392687988
0.02744057899359591
0.02744886810843538
0.02745715773716059
0.027465447879725734
0.027473738536084997
0.027482029706192596
0.02749032139000269
0.02749861358746948
0.027506906298547136
0.02751519952318984
0.029601344758309164
0.02960885368978518
0.02961636246827093
0.029624539449803516
0.029634856112229144
0.029645172575161204
0.02965548883857326
0.029665804902438895
0.02967612076673165
0.029686436431425097
0.02969675189649282
0.029707067161908365
0.029717382227645323
0.02972769709367723
0.029738011759977687
0.02974832622652024
0.029758640493278473
0.029768928529576383
0.029778921033519704
0.02978891334292257
0.029798905457759407
0.02980889737800455
0.02981888910363238
0.02982888063461728
0.029838824579683714
0.02984853012404316
0.029858235288776493
0.029867940073869774
0.029877790399611852
0.029888616866599604
0.02989944291381384
0.029910268541239047
0.029921093748859717
0.029931918536660287
0.0299427429046253
0.029953566852739186
0.029964390380986458
0.029975213489351605
0.029986036177819083
0.029996858446373408
0.030007680294999044
0.030018501723680487
0.03003537880119679
0.030052372534097562
0.030069365626371667
0.030086358077994903
0.030103349888943087
0.03012034105919201
0.030137331588717505
0.030154321477495367
0.0323776034896523
0.032509308214423265
0.03252371619087691
0.03252834605873632
0.0325329761500636
0.03253760646486546
0.03254223700314865
0.03254686776491985
0.03255149875018584
0.034474253293993444
0.03448023423377436
0.03448621570835741
0.034492197717768486
0.03449995311282952
0.03450963766269368
0.034519323181332204
0.03452900966879377
0.034538697125126944
0.0345483855503804
0.03455807494460276
0.03456776530784259
0.034577456640148586
0.034587148941569335
0.0345968422121535
0.03460761320657163
0.03462054216555042
0.034633472472786676
0.034646404128348914
0.03465933713230557
0.03467227148472515
0.03468520718567613
0.03469814423522701
0.03471108263344628
0.03472402238040239
0.034736963476163875
0.034749905920799205
0.03476284971437689
0.03477579485696542
0.03478874134863331
0.03480168918944903
0.03481170138286365
0.0348203826096801
0.03482906468574577
0.03483774761110296
0.03484643138579397
0.03485511600986121
0.03486380148334694
0.03487248780629354
0.034881174978743316
0.03679844792511924
0.037697655497390445
0.03770699589656473
0.037716337190959494
0.03773327937994186
0.037752159205492894
0.03777104101975261
0.03778992482281834
0.03780881061478751
0.037827698395757454
0.037846588165825625
0.03786547992508931
0.037884373673645964
0.037903269411592964
0.037922167139027685
0.037930305333764854
0.03793544409756337
0.03794058327367481
0.037945722862117684
0.0379508628629105
0.0379560032760718
0.03796114410162009
0.03796628533957388
0.03797142698995172
0.03797656905277212
0.03798171152805361
0.03798685441581469
0.03909391698944531
0.04010303965394645
0.04010678079719056
0.040110522043177554
0.04012998807816699
0.04015002502811826
0.04017006257630477
0.040190100722737536
0.04021013946742762
0.04023017881038595
0.040250218751623615
0.040270259291151585
0.04029030042898084
0.04031034216512247
0.04033038449958742
0.040350427432386746
0.040370470963531406
0.04039051509303244
0.040410559820900895
0.0404306051471477
0.04045065107178394
0.040464491215913286
0.04047052814535457
0.04047656524723803
0.04048260252156672
0.040488639968343794
0.0404946775875724
0.043135581020835326
0.04314196514143678
0.04314834943220276
0.04315473389313615
0.04316111852423988
0.043167503325516776
0.04317388829696984
0.04318027343860193
0.04318665875041595
0.04319304423241481
0.043199429884601404
0.04320581570697866
0.04321579756045155
0.04323242853660721
0.04324905997228322
0.04326569186748759
0.04328232422222818
0.04329895703651297
0.04331559031034989
0.043332224043746904
0.04334885823671196
0.04336549288925295
0.04338212800137783
0.04339876357309459
0.043415399604411105
0.04343203609533538
0.04344867304587533
0.043465310456038866
0.043480974651021194
0.043491747372966974
0.043502520388917554
0.043513293698878026
0.0435240673028534
0.043534841200848814
0.043545615392869254
0.04355638987891983
0.043567164659005536
0.04357793973313154
0.04358871510130279
0.04359949076352441
0.04361026671980142
0.04362104297013893
0.04363181951454196
0.04364259635301559
0.0436531570396879
0.04366366888174893
0.043674181010396045
0.0436846934256342
0.04369520114283932
0.04370569728609136
0.04371619370789314
0.04372669040824929
0.04373718738716443
0.04374768464464322
0.04375818218069029
0.04376867999531025
0.04377917808850776
0.043789676460287426
0.04380017511065389
0.04381016240325749
0.043810822307999875
0.04381148222108994
0.04593890475890864
0.04594153618645592
0.045944167671282184
0.045946799213388234
0.04594943081277496
0.04595206246944316
0.045954694183393645
0.04595732595462728
0.04595995778314483
0.04596258966894719
0.04912994298818286
0.04913669767057082
0.049149609486956125
0.0491817050949432
0.04921380824612699
0.04924591894151106
0.04927803718209921
0.04931016296889517
0.04934229630290279
0.04936944212189577
0.049388373621954335
0.049407309074747434
0.04942624848077439
0.04944519184053447
0.049464139154527124
0.04948309042325169
0.04950204564720761
0.04952100482689437
0.049539967962811425
0.04955893505545833
0.04957790610533465
0.04959688111293993
0.04961586007877389
0.049634843003336114
0.04965382988712634
0.04967282073064423
0.049691815534389616
0.049710814298862274
0.049729817024561994
0.04974882371198863
0.049767834361642144
0.049786848974022406
0.049805867549629394
0.049823268607939654
0.04983896490851116
0.04985466426830171
0.04987036668768449
0.04988607216703264
0.04990178070671942
0.04991749230711798
0.049933206968601616
0.049948924691543564
0.04996464547631716
0.049980369323295686
0.049996096232852505
0.05001182620536093
0.050027559241194446
0.05004329534072642
0.050059034504330274
0.050074776732379485
0.050090522025247546
0.05010627038330798
0.0501220218069343
0.05013777629650006
0.050153533852378876
0.050169294474944344
0.05018505816457012
0.0502008249216298
0.05021659474649712
0.0502325250923942
0.050249084529277885
0.050265647247893584
0.050282213248644944
0.050298782531935565
0.050315355098169035
0.05033193094774903
0.05034851008107924
0.053704593088290155
0.053717887117008714
0.05373118231731305
0.05374447868923208
0.053757776232794645
0.05377107494802965
0.053784374834966016
0.05379767589363259
0.05381097812405825
0.053824281526271944
0.05383818816047909
0.05385849501659826
0.053878803800617936
0.05414241384305944
0.05568393337613578
0.05610941854706432
0.056128147701625615
0.0561468772655202
0.056165607238753704
0.0561843376213319
0.05620306841326038
0.05621660371764499
0.05621729376064542
0.056217983810888286
0.05621867386837361
0.05621936393310154
0.05622005400507208
0.0562207440842853
0.05622143417074127
0.05622212426444007
0.056222814365381756
0.05622350447356636
0.056224194588994
0.056224884711664674
0.05622557484157848
0.05622626497873555
0.05622695512313583
0.05622764527477944
0.05622833543366644
0.056229025599796895
0.05622971577317088
0.05623040595378839
0.0562310961416496
0.056234407032953
0.05624711894066947
0.05625983112356842
0.056272543581653636
0.05628525631492892
0.05629796932339808
0.0563106826070649
0.05632339616593322
0.05633611000000681
0.056348824109289465
0.05636153849378502
0.056374253153497235
0.056386968088429947
0.05639968329858694
0.05641239878397201
0.056425114544589
0.05643783058044163
0.05645054689153377
0.05646326347786922
0.056475980339451726
0.05648869747628518
0.05650141488837327
0.056514132575719904
0.056526850538328816
0.05653956877620385
0.056552287289348795
0.056565006077767405
0.056577725141463565
0.05659044448044104
0.05660316409470359
0.05661588398425508
0.056628604149099294
0.056641324589240004
0.05665404530468105
0.056666766295426246
0.056679487561479336
0.05669220910284414
0.05670493091952452
0.05671564640430321
0.05672343845545509
0.056731230672055294
0.05673902305410617
0.0567468156016099
0.056754608314568813
0.056762401192985146
0.05677019423686123
0.05677798744619923
0.05678578082100152
0.05679357436127031
0.06075597501402188
0.060764271612951525
0.06077256837814196
0.06078086530959526
0.06078916240731364
0.06079745967129924
0.06080575710155429
0.06081405469808085
0.06082235246088116
0.06083065038995741
0.060838948485311704
0.06084724674694624
0.0608555370468273
0.060863820445282144
0.06087210400591126
0.060880387728716685
0.06088867161370046
0.060898962475843525
0.06090933715940127
0.06091971204794137
0.06093008714146651
0.060940462439979255
0.0609508379434822
0.060961213651977986
0.06097158956546919
0.060981965683958424
0.0609923420074483
0.06100271853594141
0.061013095269440355
0.06395154024136228
0.06396239457501485
0.06397324911654037
0.06398410386594144
0.06399495882322051
0.06400581398838028
0.06401666936142321
0.06402752494235185
0.0640383807311688
0.06404923672787663
0.06406009293247786
0.06407094934497505
0.06408180596537078
0.06409266279366761
0.06410351982986807
0.06411437707397472
0.06412523452599016
0.06413609218591693
0.06414695005375752
0.06415780812951462
0.06416866641319066
0.06417952490478827
0.06419038360431
0.06420124251175839
0.064212101627136
0.06422296095044541
0.06423382048168914
0.06424468022086978
0.06425554016798989
0.06426640032305202
0.06427726068605873
0.06428724345636046
0.0642971480072253
0.06430705274708695
0.0643169576759477
0.06432686279380993
0.06433676810067594
0.06434667359654805
0.06435657928142859
0.06436646483875849
0.06437634772904108
0.06438623080125806
0.06439611405541165
0.064405997491504
0.06441588110953717
0.06442576490951335
0.06443564889143469
0.06444553305530333
0.06445541740112136
0.064465301928891
0.06447518663861436
0.06448507153029356
0.06449495660393076
0.06450484185952811
0.06451472729708771
0.06453671206930363
0.06565142808471806
0.06677585479186879
0.0679099963836436
0.06890670760674325
0.06891410830474438
0.06892150831795969
0.06892890764640323
0.06893630629008901
0.06894370424903101
0.06895110152324331
0.0689584981127399
0.06896589401753486
0.06897328923764215
0.06898068377307581
0.06898826995230577
0.0689962271041392
0.06900418353053288
0.0690121392315017
0.0690200942070604
0.06902804845722377
0.06903600198200659
0.06904395478142364
0.06905190685548974
0.06905985820421963
0.06906780882762818
0.06907575872573009
0.06908370789854017
0.06909165634607321
0.06909960406834406
0.06910755106536741
0.06911549733715813
0.06912344288373093
0.06913138770510076
0.06913933180128222
0.06914727517229022
0.06915521781813953
0.06916315973884489
0.06917110093442118
0.06917904140488312
0.06918698115024557
0.06919492017052327
0.06920285846573104
0.06921079603588368
0.06921873288099598
0.06922666900108274
0.06923460439615876
0.06924253906623881
0.06925047301133773
0.06925840623147028
0.0692663387266513
0.06927427049689555
0.06928220154221784
0.06928833372520815
0.06929429612947956
0.0693002579513442
0.06930621919081417
0.06931217984790167
0.06931813992261884
0.0693240994149778
0.06933005832499076
0.06933601665266977
0.06934197439802711
0.06934793156107485
0.0693538881418252
0.06935984414029032
0.06936579955648231
0.06937175439041336
0.06937770864209564
0.06938366231154128
0.06938961539876246
0.06939556790377134
0.06940151982658004
0.06940747116720077
0.06941342192564566
0.0694193721019269
0.06942532169605657
0.06943127070804694
0.06943721913791012
0.06944316698565826
0.06944911425130353
0.0699453016129277
0.07084596408054375
0.07142376669895494
0.07142986251022722
0.07143595772027024
0.07144205232909688
0.07144814633672017
0.07145423974315303
0.07146033254840836
0.07146668620429433
0.07147304322131051
0.07147939961782548
0.07148575539385259
0.07149211054940516
0.07149846508449649
0.07150481899913992
0.07151117229334873
0.07151752496713623
0.07152387702051573
0.07153022845350056
0.07153657926610403
0.07154292945833945
0.07154927903022015
0.0715556279817594
0.0715619763129706
0.07156832402386695
0.07157467111446186
0.07158101758476859
0.07158736343480049
0.07159370866457086
0.07160005327409302
0.0716063972633803
0.07161274063244598
0.07320565360990472
0.07483588708669987
0.07523300697097692
0.07525635756893638
0.0752797130132252
0.07530307330437247
0.07532643844290693
0.0753498084293576
0.07537318326425341
0.07539656294812325
0.07541994748149612
0.07544333686490096
0.07546673109886676
0.07549013018392242
0.07551353412059705
0.0755369429094196
0.07556035655091903
0.07558377504562443
0.07560719839406478
0.07563062659676918
0.0756540596542666
0.07567749756708611
0.07570094033575682
0.0757243879608078
0.07574784044276811
0.0757712977821669
0.07579475997953318
0.0758182270353961
0.07584169895028485
0.07586517572472849
0.07588865735925623
0.07591214385439712
0.07593563521068047
0.0759591314286353
0.0759826325087909
0.0760061384516764
0.07602964925782107
0.07605316492775405
0.07607605759569633
0.07609755712942406
0.0761190607800748
0.07614056854806876
0.07616208043382598
0.0761835964377666
0.07620511656031075
0.07622664080187855
0.07624816916289026
0.07626970164376592
0.07629123824492579
0.07631277896679
0.0763343238097787
0.07635587277431213
0.0763774258608105
0.07639898306969398
0.07642054440138277
0.07644210985629711
0.0764636794348573
0.07648525313748347
0.07650683096459591
0.07652841291661484
0.07654999899396057
0.07657158919705336
0.07659318352631346
0.07661478198216116
0.07663638456501673
0.07665799127530049
0.07667960211343275
0.0767012170798338
0.07672283617492395
0.07674445939912361
0.07676608675285303
0.07678771823653258
0.07680935385058253
0.0768309935954234
0.07685263747147547
0.07687428547915907
0.07689593761889467
0.07691759389110257
0.07693925429620324
0.07696091883461703
0.07698258750676441
0.07700426031306573
0.07702593725394145
0.077047618329812
0.07706912498859919
0.07709112289298233
0.07711312516392788
0.07713513180193703
0.07715714280751096
0.07717915818115077
0.07720117792335768
0.07722320203463286
0.07724523051547758
0.0772672633663931
0.07728930058788065
0.07731134218044154
0.07733338814457709
0.07735543848078862
0.07737749318957747
0.07739955227144499
0.07742161572689257
0.07744368355642173
0.07746575576053379
0.0774878323397302
0.07750991329451243
0.07753199862538206
0.0775540883328405
0.07757618241738935
0.07759828087953013
0.07762038371976439
0.07764249093859377
0.0814047978359066
0.0825324198005077
0.08254551376838663
0.0825586090087225
0.08257170552159789
0.08258480330709547
0.08259790236529792
0.08261100269628781
0.08262410430014777
0.08263720717696055
0.0826503113268087
0.08266341674977494
0.08267652344594184
0.08268963141539212
0.08270274065820844
0.08271585117447344
0.08272896296426983
0.08274207602768026
0.08275519036478741
0.08276830597567396
0.08278140772948019
0.08279376929039041
0.08280613202598072
0.08281849593632658
0.08283086102150339
0.0828432272815866
0.08285559471665163
0.08286796332677392
0.0828803331120289
0.08289270407249204
0.08290507620823878
0.08291744951934454
0.08292982400588479
0.082942199667935
0.08295457650557057
0.08296695451886704
0.08297933370789987
0.08299171407274443
0.08300409561347631
0.0830164783301709
0.08302886222290369
0.08304124729175025
0.08305363353678594
0.08306602095808632
0.08307840955572686
0.08309079932978303
0.08310319028033035
0.08311558240744434
0.08312797571120048
0.08314037019167426
0.08315276584894121
0.08316516268307685
0.0831775606941567
0.0831899598822562
0.08320236024745097
0.08321476178981649
0.08322716450942831
0.0832395684063619
0.08325197348069288
0.08326437973249672
0.08327684296826426
0.08328942070034674
0.08330199963232099
0.08331457976426412
0.08332716109625336
0.08333974362836585
0.0833524150574612
0.08336513091361915
0.08337784800947504
0.08339056634511163
0.08340328592061176
0.0834160067360581
0.0834287287915335
0.0834414520871207
0.08345417662290246
0.08346690239896162
0.08347962941538097
0.08349235767224322
0.08350508716963126
0.08351781790762786
0.08353054988631582
0.08354328310577792
0.08355601756609697
0.08356875326735586
0.08358149020963734
0.08359422839302423
0.08360696781759942
0.08361970848344566
0.08363245039064583
0.0836451935392828
0.0836579379294393
0.08367068356119829
0.08368343043464255
0.08369617854985496
0.08370892790691832
0.0837216785059156
0.08373443034692958
0.08374718343004312
0.0837599377553391
0.08377269332290048
0.08378545013281002
0.08379820818515064
0.08381096748000527
0.08382372801745674
0.08383648979758795
0.0838492528204818
0.08386201708622122
0.0838747825948891
0.08388754934656834
0.08390031734134185
0.08391308657929251
0.0839258570605033
0.08393817695622445
0.08395031347252216
0.0839624511468907
0.08397458997940654
0.08398672997014617
0.083998871119186
0.08489473946972381
0.08661967194669136
0.08836213088773766
0.08879196828477441
0.08880386222148579
0.08881575715558822
0.08882765308713976
0.08883955001619864
0.08885144794282294
0.0888633468670709
0.08887524678900063
0.0888871477086703
0.08889904962613808
0.08891095254146211
0.08892285645470056
0.08893476136591165
0.08894666727515353
0.08895857418248437
0.08897048208796232
0.08898239099164562
0.08899430089359239
0.08900621179386088
0.08901812369250924
0.08903003658959566
0.08904195048517828
0.0890538653793154
0.08906578127206517
0.08907769816348575
0.08908961605363537
0.08910153494257228
0.08911345483035463
0.08912537571704064
0.08913729760268851
0.0891492204873565
0.08916114437110277
0.08917306925398556
0.08918499513606307
0.08919692201739357
0.08920884989803524
0.08922077877804635
0.08923270865748507
0.08924463953640971
0.0892565714148784
0.08926850429294947
0.08928043817068108
0.0918506870920087
0.09186199162799735
0.0918732969545483
0.09188460307169694
0.09189590997947873
0.09190720310196504
0.09191705392713438
0.09192690540919159
0.09193675754816537
0.09194661034408452
0.09195646379697775
0.09196631790687386
0.09197617267380151
0.09198602809778947
0.09199588417886655
0.09200574091706148
0.09201559831240294
0.09202545636491977
0.0920353150746407
0.09204517444159445
0.09205503446580979
0.09206489514731547
0.09207475648614026
0.09208461848231292
0.09209448113586213
0.09210434444681681
0.09211420841520555
0.09212407304105726
0.09213393832440056
0.09214380426526429
0.09215367086367718
0.092163538119668
0.09217340603326551
0.0921832746044985
0.09219314383339573
0.09220301371998596
0.0922128842642979
0.0922227554663604
0.0922326273262022
0.09224249984385206
0.09225237301933871
0.09226224685269097
0.09227212134393765
0.09228199649310746
0.09229187230022914
0.09230174876533158
0.09231162588844344
0.09232150366959359
0.09233138210881066
0.09234126120612358
0.09235114096156109
0.09236102137515191
0.09237090244692488
0.09238078417690873
0.09239066656513231
0.09240054961162432
0.09241043331641359
0.0924203176795289
0.09243020270099897
0.09244077247338321
0.09245241300692894
0.09246405435988371
0.09247569653228427
0.09248733952416742
0.09249898333556988
0.09251062796652852
0.0925222734170801
0.0925339196872614
0.09254556677710915
0.09255721468666023
0.09256886341595136
0.09258051296501937
0.09259216333390106
0.09260381452263317
0.09261546653125252
0.09262711935979595
0.09263877300830024
0.09265042747680215
0.09266208276533848
0.09267373887394606
0.09268539580266165
0.09269705355152207
0.09270871212056414
0.09272037150982465
0.09273203171934044
0.0927436927491482
0.0927553545992849
0.09276701726978723
0.09277868076069203
0.09279034507203607
0.0928020102038562
0.09281367615618928
0.09282534292907206
0.09283701052254138
0.09284867893663398
0.09286034817138679
0.09287201822683654
0.0928836891030201
0.09289536079997425
0.09290703331773582
0.09291870665634168
0.09293038081582856
0.09294205579623337
0.09295373159759288
0.0929654082199439
0.09297708566332329
0.09298876392776789
0.09300044301331452
0.09301212291999997
0.0930238036478611
0.09303548519693473
0.09304716756725771
0.09305885075886683
0.09374903405540684
0.09538636440985052
0.09703802418764051
0.098205547165433
0.098214990684773
0.09822443447984684
0.0982338785506588
0.09824332289721341
0.09825276751951481
0.0982622124175676
0.09827165759137614
0.09828110304094477
0.09829054876627785
0.09829999476737988
0.09830905945920142
0.09831755202720575
0.0983260448395428
0.09833453789621653
0.09834303119723066
0.09835152474258921
0.09836001853229595
0.09836851256635477
0.09837700684476958
0.09838550136754422
0.09839399613468258
0.09840249114618853
0.09841098640206589
0.09841948190231865
0.09842797764695059
0.09843647363596558
0.09844496986936757
0.09845346634716032
0.0984619630693478
0.09847046003593381
0.09847895724692231
0.09848745470231711
0.0984959524021221
0.09850445034634114
0.09851294853497809
0.0985214469680369
0.09852994564552134
0.09853844456743535
0.09854694373378277
0.09855544314456754
0.09856394279979347
0.0985724426994644
0.09858094284358432
0.09858944323215701
0.09859794386518635
0.09860644474267623
0.0986149458646305
0.09862344723105311
0.09863194884194786
0.09864045069731867
0.09864895279716934
0.09865745514150384
0.09866595773032595
0.0986744605636396
0.09868296364144866
0.09869146696375704
0.09869997053056852
0.09870777364323197
0.0987150482541473
0.09872232291972942
0.09872959763997813
0.09873687241489328
0.09874414724447465
0.09875142212872211
0.0987586970676355
0.09876597206121462
0.0987732471094593
0.09878052221236941
0.09878779736994464
0.09879507258218498
0.09880234784909023
0.09880962317066011
0.09881665175390981
0.09882331019887017
0.09882996869352838
0.0988366272378842
0.09884328583193737
0.09884994447568796
0.09885660316913564
0.09886326191228031
0.0988699207051218
0.09887657954766002
0.09888323843989469
0.09888989738182569
0.09889655637345292
0.09890321541477613
0.09890987450579525
0.09891653364651007
0.09892319283692041
0.09892985207702622
0.09893651136682723
0.0989431707063233
0.09894983009551428
0.09895648953440002
0.09896314902298037
0.09896980856125516
0.09897646814922421
0.09979410057627805
0.09980153535419385
0.09980897027793924
0.099816405347515
0.09982384056292179
0.09983127592416029
0.09983871143123114
0.09984614708413507
0.09985358288287274
0.09986101882744486
0.09986845491785208
0.09987589115409506
0.09988332753617456
0.09989076406409116
0.09989820073784564
0.09990563755743857
0.09991307452287077
0.09992051163414274
0.09992794889125536
0.0999353862942092
0.09994282384300497
0.09995026153764333
0.09995769937812493
0.09996513736445052
0.0999725754966208
0.09998001377463632
0.0999874521984979
0.09999489076820614
0.10000232948376178
0.10000976834516545
0.1000172073524178
0.10002464650551966
0.10003208580447152
0.1000395252492742
0.10004696483992835
0.10005440457643461
0.1000618444587937
0.10006928448700622
0.10007672466107301
0.10008416498099458
0.10009160544677169
0.1000990460584051
0.10010648681589532
0.10011329616210778
0.10011855939651108
0.10012382272781613
0.10012908615602333
0.1001343496811331
0.10013961330314594
0.1001448770220622
0.10015014083788229
0.1050537534498136
0.10506151331102385
0.10506927352821235
0.1050770341013888
0.10508479503056312
0.105092556315745
0.10510031795694436
0.10510807995417099
0.10511584230743465
0.10512360501674524
0.10513136808211244
0.10513913150354615
0.1051468952810562
0.10515465941465234
0.10516242390434447
0.10517018875014225
0.10517795395205563
0.10518571951009444
0.10519348542426835
0.10520125169458724
0.10520901832106096
0.10521678530369925
0.10522455264251206
0.10523232033750902
0.10524008838870012
0.10524785679609502
0.10525562555970366
0.10526339467953574
0.10527116415560113
0.10527893398790969
0.10528670417647114
0.10529447472129533
0.10530224562239207
0.10531001687977119
0.1053177884934426
0.1053255604634159
0.10533333278970103
0.10534110547230778
0.10534887851124602
0.10535665190652549
0.10536442565815606
0.10537219976614749
0.10537997423050965
0.10538774905125231
0.10539552422838533
0.10540329976191845
0.10541107565186153
0.10541885189822443
0.10542662850101693
0.10543440546024879
0.10544218277592993
0.10544996044807012
0.10545773847667915
0.10546551686176683
0.10547329560334301
0.10548107470141749
0.10548885415600011
0.10549663396710067
0.10550441413472898
0.10551219465889487
0.10551997553960811
0.1055277567768786
0.10553553837071611
0.10554332032113042
0.10555110262813144
0.10555888529172888
0.10556666831193265
0.10557445168875253
0.10558223542219836
0.1055900195122799
0.10559780395900699
0.105604429013169
0.10561105434856576
0.10561767996520459
0.10562430586309292
0.10563093204223821
0.10563755850264765
0.1056441852443288
0.10565081226728905
0.1056574395715357
0.10566406715707616
0.10567069502391788
0.10567732317206822
0.10568395160153458
0.10569058031232433
0.10569720930444489
0.10570383857790361
0.10571046813270787
0.10571709796886515
0.10572372808638276
0.10573035848526813
0.10573698916552861
0.10574362012717166
0.10575025137020463
0.1057568828946349
0.1057635147004699
0.10577014678771698
0.10577677915638356
0.10578341180647698
0.10579004473800474
0.10579667795097412
0.10580331144539262
0.10580994522126756
0.1058165792786063
0.10582321361741628
0.10582984823770496
0.10583648313947958
0.10584311832274768
0.10584975378751653
0.10585638953379364
0.10586302556158635
0.10586966187090201
0.10587629846174809
0.1058829353341319
0.10588957248806087
0.10589620992354244
0.10590284764058397
0.1059094856391929
0.10591612391937645
0.10592276248114223
0.1059294013244975
0.10593604044944974
0.1059426798560063
0.1059493195441745
0.10595595951396185
0.10596259976537571
0.1059692402984235
0.10597588111311257
0.10598252220945029
0.10598916358744412
0.1059958052471014
0.10600244718842955
0.106009089411436
0.10601573191612808
0.10602237470251326
0.10602901777059882
0.1060356611203923
0.106042304751901
0.10604894866513227
0.10605559286009365
0.10606223733679242
0.10606888209523599
0.10607669224410274
0.10608518704285555
0.10609368224356859
0.10610217784625316
0.1061106738509205
0.10611917025758186
0.10612766706624849
0.10613616427693165
0.10614466188964268
0.10615315990439277
0.10616165832119319
0.10617015714005522
0.10617865636099007
0.10618715598400906
0.10619565600912348
0.10620415643634452
0.10621265726568348
0.10622115849715162
0.1062296601307602
0.10623816216652045
0.10624666460444372
0.10625516744454121
0.10626367068682417
0.10627217433130388
0.10628067837799167
0.10628918282689877
0.10629768767803634
0.10630619293141574
0.10631469858704821
0.10651337654989325
0.10683887267390176
0.10716441481351313
0.10749000297123444
0.10756192840611724
0.10757043161038034
0.10757893520696693
0.10758743919588756
0.10759594357715281
0.10760444835077336
0.10761295351675972
0.10762145907512256
0.10762996502587242
0.10763847136901995
0.10764697810457566
0.10765548523255024
0.10766399275295427
0.10767250066579831
0.10768100897109298
0.10768951766884885
0.10769802675907654
0.1077065362417867
0.10771504611698987
0.10772355638469665
0.1077320670449176
0.10774057809766338
0.10774908954294464
0.10775760138077184
0.11337032369757725
0.11337928524542466
0.11338824720710515
0.11339720958262985
0.11340617237200994
0.11341513557525669
0.1134240991923812
0.11343306322339476
0.11344202766830849
0.11345099252713357
0.11345993315582695
0.11346867478656743
0.11347741679686625
0.11348615918673259
0.11349490195617516
0.1135036451052031
0.11351238863382532
0.11352113254205083
0.11352987682988858
0.11353862149734759
0.11354736654443677
0.11355611197116511
0.1135648577775416
0.1135736039635752
0.11358235052927489
0.11359109747464965
0.1135998447997084
0.1136085925044603
0.11361734058891408
0.11362608905307882
0.11363483789696353
0.11364358712057707
0.11365233672392862
0.1136605592829522
0.11366854522484854
0.11367653150125345
0.11368451811217445
0.11369250505761948
0.11370049233759612
0.11370847995211215
0.11371646790117537
0.11372445618479354
0.11373244480297431
0.11374043375572553
0.11374842304305485
0.11375641266497016
0.11376440262147902
0.1137723929125893
0.11378038353830872
0.11378837449864501
0.11379636579360594
0.11380435742319918
0.11381234938743268
0.11382034168631393
0.11382833431985079
0.11383632728805108
0.11384432059092241
0.11385231422847265
0.11386030820070941
0.11386830250764057
0.11387629714927384
0.11388429212561692
0.11389228743667759
0.1139002830824636
0.11390827906298265
0.11391627537824255
0.11392427202825106
0.11393226901301587
0.11394026633254471
0.11394826398684543
0.11395626197592564
0.11396426029979319
0.1139722589584558
0.11398025795192121
0.11398825728019718
0.11399625694329144
0.11400425694121169
0.11401225727396586
0.11402025794156147
0.11402825894400641
0.11403626028130841
0.11404426195347513
0.1140522639605144
0.11406026630243393
0.11406826897924151
0.1140762719909449
0.11408427533755179
0.1140922790190699
0.1141002830355071
0.11410828738687101
0.11411629207316945
0.11412429709441015
0.11413230245060087
0.11414030814174934
0.11414831416786334
0.11415632052895053
0.1141643272250188
0.11417233425607576
0.11418034162212923
0.11418834932318696
0.11419635735925668
0.11420436573034615
0.11421237443646315
0.11422038347761532
0.11422839285381056
0.11423640256505645
0.11424441261136087
0.11425242299273153
0.11426043370917612
0.11426844476070253
0.11427645614731839
0.11428445573949712
0.1142918613013003
0.11429926716234136
0.11430667332262696
0.11431407978216394
0.11432148654095907
0.11432889359901907
0.11433630095635079
0.11434370861296103
0.11435111656885645
0.11435852482404392
0.11436593337853013
0.11437334223232189
0.1143807513854261
0.11438816083784935
0.11439557058959857
0.11440298064068041
0.1144103909911017
0.11441780164086929
0.1144252125899898
0.11443262383847015
0.11444003538631704
0.11444744723353721
0.1144548593801376
0.11446227182612478
0.1144696845715057
0.11447709761628701
0.11448451096047559
0.11449192460407807
0.1144993385471014
0.11450675278955227
0.11451416733143742
0.11452158217276373
0.11452899731353793
0.11453641275376673
0.11454382849345697
0.11455124453261539
0.11455866087124889
0.1145660775093641
0.11457349444696785
0.11458091168406692
0.11458832922066807
0.11459574705677814
0.11460316519240384
0.11461058362755194
0.11461800236222927
0.11462542139644256
0.11463284073019865
0.11464026036350423
0.11464768029636618
0.11465510052879122
0.11466252106078606
0.11466994189235764
0.1146773630235126
0.11468478445425773
0.1146922061845999
0.11469962821454577
0.11470705054410224
0.11471447317327597
0.11472189610207383
0.11472931933050252
0.11473674285856891
0.1147441666862797
0.11475159081364168
0.11475901524066164
0.11476643996734638
0.11477386499370267
0.11478129031973727
0.11478871594545698
0.11479614187086848
0.1148035680959787
0.11481099462079439
0.11481842144532219
0.11482584856956903
0.11483327599354158
0.11484070371724678
0.11484813174069125
0.11485556006388184
0.11486298868682523
0.11487041760952835
0.11537313859737279
0.11680165955583091
0.11823902922751617
0.11968524869520379
0.12114031904169015
0.12120367219226229
0.12120884540333855
0.12121401867767428
0.1212191920152694
0.12122436541612377
0.1212295388802371
0.12123434684635985
0.12123855842366094
0.12124277004966715
0.12124698172437853
0.12125119344779482
0.12125540521991583
0.12125961704074156
0.12126382891027178
0.12126804082850624
0.12127225279544501
0.12127646481108775
0.12128067687543449
0.12128488898848495
0.12128910115023897
0.12129331336069653
0.12129752561985742
0.12130173792772142
0.12130595028428857
0.12131016268955853
0.12131437514353119
0.12131858764620648
0.12135259058523457
0.12140144455945394
0.12145038031171117
0.12149931877556136
0.12154825995102363
0.121597203838117
0.1216461504368607
0.12169509974727355
0.12174405176937479
0.12179300650318348
0.12184196394871849
0.12189092410599918
0.12193988697504446
0.12194823669173378
0.12194578976344853
0.12194334249147412
0.12194089487580789
0.12193844691644744
0.12193599861339018
0.12193354996663348
0.1219311009761749
0.12192865164201185
0.12192620196414183
0.12192375194256222
0.12192130157727045
0.12191885086826405
0.12191639981554056
0.12191394841909722
0.12191149667893159
0.12190904459504114
0.12190659216742326
0.12190413939607549
0.12190168628099522
0.12189923282217992
0.12189677901962705
0.12189432487333403
0.12189187038329839
0.12188941554951749
0.12188696037198886
0.12188450485070988
0.12188204898567805
0.12187959277689087
0.12187713622434565
0.12187467932803998
0.12187222208797127
0.12186976450413695
0.12186730657653455
0.12186484830516138
0.12186238969001498
0.12185993073109282
0.12185747142839239
0.12185501178191105
0.12185255179164628
0.12185009145759546
0.12184763077975624
0.12184516975812595
0.12184270839270202
0.12184024668348195
0.12183778463046317
0.12183532223364309
0.12183285949301935
0.12183039640858917
0.12182793298035006
0.12182546920829962
0.12182300509243513
0.1218205406327541
0.12181807582925405
0.12181561068193238
0.12181314519078643
0.12181067935581383
0.12180821317701199
0.12180574665437827
0.12180327978791028
0.12180081257760532
0.12179834502346086
0.12179587712547454
0.12179340888364358
0.12179094029796553
0.12178847136843786
0.12178600209505804
0.12178353247782336
0.12178106251673151
0.12177859221177982
0.12177612156296569
0.12177365057028673
0.12177117923374019
0.12176870755332371
0.12176623552903468
0.12176376316087045
0.12176129044882869
0.12175881739290664
0.12175634399310183
0.12175387024941174
0.12175139616183381
0.12174892173036549
0.12174644695500425
0.12174397183574749
0.12174134024170491
0.12173870349000884
0.12173606640967635
0.12173342900070484
0.12173079126309197
0.12172815319683536
0.12172551480193246
0.12172287607838102
0.12172023702617843
0.12171759764532239
0.12171495793581047
0.1217123178976402
0.12170967753080911
0.1217070368353149
0.1217043958111551
0.12170175445832723
0.12169911277682895
0.12169647076665778
0.12169382842781128
0.12169118576028708
0.12168854276408268
0.12168589943919586
0.12168325578562397
0.12168061180336462
0.12167796749241552
0.12167532285277408
0.12167267788443797
0.12167003258740482
0.12166738696167206
0.12166474100723734
0.12166209472409831
0.12165944811225247
0.1216568011716973
0.12165415390243055
0.12165150630444976
0.12164885837775234
0.12164621012233616
0.12164356153819858
0.12164091262533716
0.12163826338374967
0.12163561381343353
0.12163296391438624
0.12163031368660561
0.12162766313008903
0.12162501224483413
0.12162236103083862
0.12161970948809987
0.12161705761661548
0.12161440541638317
0.12161175288740039
0.12160910002966475
0.12160644684317387
0.12160379332792524
0.12160113948391653
0.1215984853111453
0.121595830809609
0.12159317597930541
0.12159052082023197
0.12158786533238625
0.12158520951576589
0.12158255337036854
0.12157989689619152
0.12157724009323265
0.12157458296148946
0.12157192550095938
0.12156926771164016
0.12156660959352934
0.1215639511466244
0.12156129237092302
0.12155863326642277
0.12155597383312113
0.12155331407101576
0.12155065398010426
0.12154799356038407
0.12154533281185298
0.12154267173450839
0.12154001032834794
0.12153734859336919
0.12153468652956974
0.12153202413694718
0.121529361415499
0.12152669836522291
0.12152370932670171
0.12152059335107403
0.12243299175005146
0.12365584958206217
0.12488475028348832
0.12611969334986267
0.1273606782766346
0.12748214299343605
0.12747884708897345
0.12747555088597515
0.12747225438443893
0.12746895758436308
0.12746566048574523
0.12746236308858372
0.1274590653928763
0.12745576739862105
0.12745246910581598
0.12744917051445914
0.12744587162454832
0.1274425724360817
0.12743927294905716
0.12743597316347283
0.1274326730793265
0.1274293726966164
0.12742607201534029
0.12742277103549632
0.12741946975708243
0.12741616818009663
0.12741286630453683
0.12740956413040114
0.12740626165768743
0.1274029588863939
0.1273996558165183
0.12739635244805878
0.12739304878101318
0.1273897448153797
0.12738644055115617
0.1273831359883407
0.1273798311269311
0.12737652596692559
0.12737322050832198
0.12736991475111842
0.12736660869531277
0.127363302340903
0.12735999568788722
0.12735668873626343
0.12735338148602945
0.12735007393718353
0.1273467660897234
0.1273434579436472
0.1273401494989529
0.12733684075563856
0.12733353171370193
0.12733022237314132
0.12732691273395447
0.12732360279613958
0.12732029255969443
0.12731698202461725
0.12731367119090578
0.12731036005855814
0.1273070486275724
0.12730373689794638
0.12730042486967819
0.12729711254276582
0.12729379991720716
0.12729048699300036
0.12728717377014326
0.12728386024863397
0.1272805464284704
0.12727723230965063
0.1272739178921725
0.12727060317603417
0.1272672881612335
0.1272639728477686
0.12726065723563734
0.1272573413248379
0.12725402511536799
0.1272507086072259
0.12724739180040942
0.1272440746949167
0.12724075729074547
0.12723743958789402
0.12723412158636013
0.1272308032861419
0.12722748468723735
0.12722416578964435
0.12722084659336097
0.1272175270983853
0.12721420730471505
0.12721088721234852
0.1272075668212835
0.1272042461315181
0.12720092514305018
0.12719760385587797
0.12719428226999913
0.12719096038541197
0.12718763820211423
0.1271843157201041
0.12718099293937948
0.12717766985993834
0.12717434648177872
0.12717102280489853
0.12716769882929593
0.1271643745549687
0.12716104998191505
0.12715772511013274
0.12715439993962002
0.12715107447037458
0.12714774870239476
0.12714442263567824
0.12714109627022321
0.12713776960602755
0.12713444264308935
0.12713111538140648
0.12712778782097706
0.12712445996179897
0.12712113180387033
0.12711780334718897
0.1271144745917531
0.12896247364588193
0.12896077673890552
0.12895907961052383
0.12895738226073555
0.12895568468953897
0.12895398689693266
0.12895228888291504
0.12895059064748482
0.12894889219064026
0.12894719351237993
0.12894549461270235
0.12894379549160592
0.12894209614908916
0.12894039658515066
0.12893869679978875
0.12893699679300208
0.12893529656478897
0.12893359611514804
0.12893189544407768
0.12893019455157648
0.12892849343764284
0.12892679210227528
0.12892509054547227
0.12892338876723244
0.128921686767554
0.12892006304055764
0.12891885116627103
0.12891763903607747
0.12891642664997519
0.12891521400796246
0.1289140011100374
0.12891278795619837
0.12891157454644347
0.128910360880771
0.1289091469591792
0.12890793278166623
0.12890671834823034
0.12890550365886988
0.12890428871358284
0.12890307351236763
0.1289018580552224
0.12890064234214543
0.12889942637313484
0.12889821014818906
0.12889699366730606
0.1288957769304842
0.12889455993772173
0.12889334268901692
0.1288921251843678
0.12889090742377282
0.12888968940723
0.12888847113473778
0.12888725260629422
0.1288860338218977
0.12888481478154618
0.12888359548523814
0.12888237593297172
0.12888115612474524
0.1288799360605567
0.12887871574040455
0.12887749516428684
0.128876274332202
0.12887505324414805
0.1288738319001234
0.1288726103001261
0.12887138844415455
0.12887016633220677
0.1288689439642812
0.12886772134037594
0.1288664984604893
0.1288652753246194
0.1288640519327646
0.12886282828492293
0.12886160438109284
0.12886038022127233
0.12885915580545987
0.12885793113365346
0.12885670620585157
0.1288554810220522
0.12885425558225366
0.12885302988645422
0.128851803934652
0.12885057772684536
0.12884935126303243
0.12884812454321148
0.12884689756738069
0.1288456703355384
0.12884444284768268
0.1288432151038119
0.12884198710392417
0.1288407588480178
0.12883953033609089
0.12883830156814186
0.12883707254416876
0.12883584326416994
0.12883461372814362
0.12883338393608793
0.1288321538880011
0.1288309235838815
0.12882969302372718
0.12882846220753658
0.12882723113530764
0.12882599980703888
0.12882476822272826
0.12882353638237432
0.12882230428597494
0.1288210719335286
0.1288198393250334
0.1288186064604876
0.12881737333988935
0.12881613996323718
0.1288149063305289
0.12881367244176303
0.12881243829693764
0.12881120389605108
0.12880996923910137
0.12880873432608705
0.128807499157006
0.12880626373185675
0.12880502805063734
0.1288037921133461
0.12880255591998113
0.12880131947054085
0.12880008276502325
0.1287988458034268
0.12879760858574946
0.12879637111198966
0.12879513338214554
0.1287938953962155
0.12879265715419744
0.1287914186560899
0.1287901799018909
0.12878894089159876
0.1287877016252116
0.12878646210272796
0.12878522232414558
0.12878398228946314
0.12878274199867853
0.1287815014517902
0.12878026064879627
0.12877901958969507
0.1287777782744846
0.12877653670316339
0.1287752948757294
0.12877405279218107
0.1287728104525164
0.12877156785673385
0.12877032500483143
0.12876808083233654
0.12876445410082601
0.1287608272814626
0.1287572003742457
0.12875357337917495
0.12874994629624975
0.12874631912546963
0.12874269186683412
0.1287390645203427
0.1287354370859948
0.1287318095637902
0.12872818195372798
0.12872455425580798
0.13542584431701443
0.13542437513242034
0.1354229057405309
0.13542143614133928
0.1354199663348384
0.13541849632102165
0.13541702609988202
0.13541555567141267
0.13541408503560667
0.13541261419245712
0.13541114314195724
0.13540967188410008
0.13540820041887877
0.13540672874628645
0.13540525686631627
0.1354037847789613
0.1354023124842147
0.13540083998206953
0.13539936727251892
0.13539789435555616
0.13539642123117412
0.13539494789936604
0.1353934743601251
0.13539200061344428
0.13539052665931678
0.13538905249773578
0.1353875781286943
0.13538610355218544
0.13538462876820245
0.1353831537767383
0.1353816785777863
0.1353802031713394
0.13537872755739078
0.13537725173593348
0.13537577570696074
0.13537429947046567
0.13537282302644135
0.13537134637488088
0.13536986951577737
0.13536839244912396
0.13536691517491387
0.13536543769314005
0.1353639600037957
0.13536248210687393
0.13536100400236786
0.1353595256902706
0.13535804717057534
0.1353565684432751
0.135355089508363
0.13535361036583227
0.13535213101567586
0.13535065145788702
0.13534917169245883
0.13534769171938438
0.1353462115386568
0.1353447311502693
0.1353432505542148
0.13534176975048662
0.13534028873907775
0.13533880751998137
0.13533732609319052
0.13533584445869845
0.13533436261649806
0.13533288056658277
0.13533139830894547
0.13532991584357928
0.13532843317047735
0.1353269502896329
0.13532546720103894
0.13532398390468864
0.13532250040057506
0.1353210166886913
0.1353195327690305
0.13531804864158584
0.13531656430635045
0.13531507976331728
0.13531359501247958
0.1353121100538304
0.13531062488736292
0.13530913951307025
0.1353076539309455
0.13530616814098165
0.13530468214317198
0.13530319593750953
0.13530170952398746
0.1353002229025989
0.13529873607333687
0.13529724903619453
0.13529576179116504
0.13529427433824148
0.1352927866774169
0.13529129880868457
0.1352898107320374
0.1352883224474687
0.13528683395497143
0.1352853452545388
0.13528385634616386
0.1352823672298398
0.1352808779055597
0.13527938837331657
0.1352778986331037
0.13527640868491403
0.1352749185287408
0.13527342816457713
0.13527193759241604
0.13527044681225067
0.1352689558240741
0.1352674646278796
0.13526597322366016
0.13526448161140883
0.13526298979111887
0.1352614977627832
0.13526000552639514
0.13525851308194772
0.13525702042943402
0.13525552756884718
0.13525403450018025
0.13525254122342645
0.13525104773857888
0.13524955404563052
0.1352480601445746
0.13524656603540416
0.13524509898490028
0.13524383168026272
0.13524256416311445
0.13524129643344748
0.13524002849125388
0.1352387603365257
0.13523749196925494
0.13523622338943384
0.13523495459705412
0.13523368559210802
0.1352324163745875
0.1352311469444847
0.13522987730179156
0.13522860744650025
0.13522733737860268
0.13522606709809093
0.13522479660495704
0.13522448578552868
0.13522441468935525
0.13522434334087452
0.13522427174007384
0.13522419988694043
0.13522412778146145
0.1352240554236242
0.13522398281341597
0.13522390995082384
0.13522383683583503
0.13522376346843687
0.13522368984861652
0.13522361597636132
0.13522354185165833
0.1352234674744948
0.13522339284485804
0.1352233179627352
0.13522324282811357
0.1352231674409804
0.1352230918013228
0.135223015909128
0.13522293976438327
0.13522286336707584
0.135222786717193
0.1352227098147218
0.13522263265964957
0.13522255525196347
0.13522247759165082
0.1352223996786987
0.13522232151309452
0.13522224309482533
0.13522216442387835
0.135222085500241
0.1352220063239002
0.13522192689484347
0.13522184721305774
0.13522176727853052
0.13522168709124874
0.13522160665119975
0.13522152595837084
0.13522144501274916
0.1352213638143219
0.1352212823630763
0.1352212006589995
0.1352211187020789
0.13522103649230155
0.13522095402965473
0.1352208713141256
0.13522078834570142
0.13522070512436946
0.13522062165011683
0.1352205379229308
0.13522045394279855
0.13522036970970733
0.13522028522364432
0.13522020048459665
0.13522011549255183
0.13522003024749674
0.1352199447494187
0.1352198589983049
0.13521977299414273
0.13521968673691911
0.1352196002266215
0.135219513463237
0.1352194264467528
0.13521933917715612
0.13521925165443419
0.13521916387857427
0.13521907584956347
0.13521898756738898
0.13521889903203818
0.13521881024349808
0.13521872120175596
0.13521863190679909
0.1352185423586146
0.13521845255718976
0.13521836250251165
0.13521827219456758
0.13527002827455178
0.1353877770695867
0.13550553440892613
0.13562330029289785
0.13572365478778498
0.13581330437859884
0.13583310226812773
0.13581010454954368
0.1357871082761744
0.13576411344815065
0.13574112006560315
0.13571812812866246
0.13569513763745913
0.13567214859212404
0.1356491609927876
0.1356261748395806
0.13560319013263367
0.13558020687207753
0.13555722505804269
0.13553424469065992
0.1355112657700598
0.1354882882963731
0.13546531226973035
0.13544233769026237
0.13541936455809975
0.13539639287337313
0.1353734226362132
0.1353504538467506
0.13532748650511608
0.1353045206114402
0.13528155616585377
0.13525859316848746
0.1352356316194718
0.13521267151893757
0.1351897128670155
0.1351667556638362
0.1351437999095304
0.13512084560422874
0.13509789274806194
0.1350749413411607
0.13505199138365565
0.13502904287567755
0.13500609581735712
0.13498315020882493
0.13496020605021178
0.1360614059688615
0.13717852646419895
0.1383002357569284
0.13942653410923364
0.14055742178330147
0.14169289904132185
0.14184333241868644
0.14184618785794686
0.14184905718356544
0.14185237485054164
0.1418556925422033
0.14185901025855044
0.14186232799958318
0.14186564576530175
0.14186896355570633
0.14187228137079694
0.14187559921057363
0.14187891707503664
0.14188223496418603
0.1418855528780219
0.14188887081654447
0.14189218877975374
0.14189550676764992
0.14189882478023302
0.14190214281750338
0.14190546087946082
0.14190877896610563
0.1419120970774379
0.14191541521345782
0.1419187333741654
0.14192205155956075
0.14192536976964412
0.14192868800441558
0.14193200626387512
0.1419353245480231
0.14193864285685934
0.1419419611903842
0.1419452795485977
0.1419485979315
0.1419519163390912
0.14195523477137134
0.1419585532283407
0.14196187170999933
0.1419651902163472
0.14196850874738473
0.14197182730311173
0.14197514588352853
0.14197846448863513
0.14198178311843185
0.14198510177291845
0.14198842045209537
0.1419917391559626
0.1419950578845203
0.14199837663776854
0.1420016954157074
0.14200501421833717
0.1420083330456578
0.14201165189766946
0.14201497077437233
0.14201828967576646
0.14202160860185192
0.14202492755262902
0.14202824652809776
0.14203156552825813
0.14203488455311047
0.14203820360265473
0.1420415226768912
0.14204484177581986
0.1420481608994408
0.14205148004775434
0.1420547992207604
0.1420581184184592
0.14206143764085075
0.14206475688793535
0.14206807615971295
0.14207139545618375
0.14207471477734787
0.14207803412320544
0.1420813534937565
0.14208467288900123
0.1420879923089398
0.14209131175357223
0.14209463122289862
0.14209795071691925
0.14210127023563407
0.14210458977904333
0.14210790934714707
0.1421112289399454
0.1421145485574385
0.1421178681996264
0.14212118786650937
0.14212450755808737
0.14212782727436052
0.1421311470153291
0.14213446678099315
0.14213778657135268
0.14214110638640798
0.14214442622615903
0.14214774609060601
0.14215106597974908
0.14215438589358828
0.14215770583212375
0.14216102579535567
0.14216434578328413
0.1421676657959092
0.14217098583323107
0.1421743058952497
0.14217762598196546
0.1421809460933783
0.14218426622948835
0.14218758639029583
0.14219090657580072
0.1421942267860032
0.14219754702090345
0.1422008672805015
0.1422041875647975
0.14220750787379158
0.14221082820748393
0.1422141485658745
0.14221746894896353
0.14222078935675103
0.14222410978923733
0.14222743024642237
0.14223075072830632
0.14223407123488926
0.14223739176617137
0.14224071232215277
0.14224403290283358
0.1422473535082138
0.14225067413829373
0.14225399479307335
0.14225731547255288
0.14226063617673237
0.14226395690561197
0.1422672776591917
0.14227059843747186
0.1422739192404525
0.1422772400681337
0.14228056092051555
0.1422838817975982
0.14228720269938186
0.14229052362586653
0.1422938445770524
0.14229716555293956
0.14230048655352806
0.1423038075788182
0.14230712862880993
0.14231044970350346
0.14231377080289878
0.14231709192699624
0.1423204130757958
0.14232373424929756
0.14232705544750168
0.1423303766704083
0.14233369791801756
0.1423370191903295
0.14234034048734434
0.14234366180906213
0.14234698315548283
0.14235030452660696
0.14235362592243436
0.1423569473429652
0.1423602687881995
0.1423635902581375
0.14236691175277935
0.14237023327212509
0.14237355481617484
0.14237687638492882
0.142380197978387
0.14238351959654966
0.14238684123941678
0.14239016290698853
0.1423928256957393
0.14239497079164046
0.14239711590244966
0.14239926102816702
0.1424014061687925
0.14240355132432617
0.14240569649476822
0.1424078416801187
0.1424099868803776
0.142412132095545
0.142414277325621
0.14241642257060563
0.14241856783049922
0.1424207131053014
0.1424228583950125
0.14242500369963257
0.14242714901916173
0.14242929435359988
0.14243143970294725
0.1424335850672038
0.14243573044636965
0.14243787584044496
0.14244002124942967
0.14244216667332388
0.14244431211212766
0.14244645756584104
0.1424486030344643
0.14245074851799724
0.14245289401643998
0.14245503952979274
0.14245718505805555
0.1424593306012284
0.14246147615931132
0.14246362173230448
0.14246576732020794
0.14246791292302174
0.14247005854074601
0.14247220417338077
0.14247434982092602
0.14247649548338187
0.14247864116074857
0.14248078685302598
0.14248293256021421
0.1424850782823133
0.14248722401932346
0.14248936977124466
0.14249151553807698
0.14249366131982044
0.1424958071164752
0.1424979529280413
0.1425000987545188
0.14250224459590782
0.14250439045220828
0.14250653632342042
0.14250868220954424
0.14251082811057983
0.14251297402652724
0.1425151199573865
0.14251726590315777
0.14251941186384104
0.14252155783943649
0.14252370382994398
0.14252584983536384
0.14252799585569595
0.1425301418909405
0.14253228794109746
0.1425344340061669
0.14253658008614897
0.14253872618104377
0.14254087229085124
0.1425430184155716
0.14254516455520463
0.1425473107097508
0.14254945687920992
0.14255160306358214
0.14255374926286757
0.14255589547706612
0.14255804170617797
0.14256018795020328
0.14256233420914197
0.14256448048299408
0.14256662677175985
0.14256877307543933
0.14257091939403244
0.14257306572753942
0.14257521207596016
0.14257735843929487
0.14257950481754356
0.1425816512107063
0.14258379761878326
0.14258594404177433
0.14258809047967974
0.1425902369324995
0.14259238340023364
0.1425945298828823
0.14259667638044546
0.14259882289292333
0.14260096942031586
0.14260311596262315
0.14260526251984526
0.1426074090919823
0.1426095556790343
0.14261170228100137
0.14261384889788362
0.14261599552968093
0.14261814217639354
0.14262028883802155
0.14262243551456488
0.14262458220602378
0.14262672891239808
0.1426288756336881
0.1426310223698937
0.14263316912101512
0.14263531588705233
0.14263746266800545
0.1426396094638745
0.1426417562746596
0.14264390310036085
0.14264604994097815
0.1426481967965118
0.14265034366696175
0.14265249055232804
0.14265463745261076
0.14265678436780999
0.1426589312979259
0.1426610782429584
0.14266322520290764
0.14266537217777378
0.14266751916755666
0.14266966617225652
0.14267181319187336
0.14267396022640735
0.14267610727585844
0.14267825434022677
0.14268040141951238
0.14268254851371542
0.1426846956228358
0.14268684274687365
0.1426889898858292
0.14269113703970232
0.14269328420849314
0.14269543139220184
0.14269757859082824
0.14269972580437268
0.142701873032835
0.1427040202762155
0.1427061675345141
0.14270831480773083
0.14271046209586588
0.14271260939891933
0.14271475671689116
0.14271690404978143
0.14271905139759025
0.14272119876031775
0.14272334613796395
0.14272549353052888
0.1427276409380126
0.14272978836041533
0.14273193579773696
0.14273408324997766
0.14273623071713742
0.1427383781992164
0.14274052569621468
0.14274267320813225
0.14274482073496922
0.1427469682767256
0.14274911583340158
0.14275126340499714
0.14275341099151237
0.1427555585929474
0.14275770620930214
0.14275985384057685
0.14276200148677148
0.1427641491478862