#Energies (keV) for all events surviving data selection in CRESST-III
0.0296
0.1229
0.0546
0.0638
0.0316
0.0314
0.0299
0.0384
0.0369
0.0433
0.0466
0.0297
0.4149
0.1346
0.0833
7.7686
0.0504
0.1032
0.0303
0.0440
0.1345
0.0327
0.0708
0.0631
0.0344
0.1216
0.0401
13.0178
0.6268
0.0786
0.0332
0.0520
0.0533
0.0552
6.7988
0.0326
0.0349
0.0545
0.0600
0.0315
0.0422
0.0943
0.0423
0.0450
0.0519
0.0375
0.0323
0.4918
6.9185
1.4215
0.0351
0.0405
0.0324
0.0682
0.1022
0.0473
0.0354
0.0307
0.0385
0.0358
0.0462
11.3638
0.0583
0.0890
0.0324
14.2041
0.0300
5.1687
2.5752
0.0453
0.0367
0.0502
0.0668
0.0399
0.0356
0.0375
0.0723
16.2648
0.0476
3.9177
4.0587
8.8852
0.0644
1.7212
0.4115
0.1235
0.0372
0.0327
0.0364
4.1521
0.0637
0.0797
0.0383
5.8849
17.5958
0.0294
0.0321
11.4871
0.0422
0.0337
1.6299
11.3119
14.9107
0.0408
0.6218
0.0353
0.0859
0.1120
7.3015
12.9941
0.0521
11.7659
11.1635
0.0292
11.5186
0.0398
0.0314
0.0444
0.0873
0.0477
17.0011
0.0467
0.0316
0.0487
0.0457
12.8700
0.0515
0.0560
0.0352
0.0541
0.5328
2.7876
0.2371
0.0351
0.0463
0.0660
0.0393
14.6332
0.1194
11.2599
0.0725
5.0516
8.9179
8.1170
0.0608
0.0742
0.0846
0.0425
0.0408
0.0376
16.8390
0.0836
0.0373
0.0427
8.3936
0.0445
1.5888
0.0497
0.0354
2.4406
10.8450
0.0309
3.8840
0.0546
4.5472
0.1425
0.0331
0.0484
0.0379
0.0386
0.0408
0.0395
0.0317
5.0918
0.0739
16.8281
9.8446
0.0399
0.0512
0.0337
0.0599
0.0416
0.0555
0.0522
0.0325
0.3731
0.8024
12.5095
0.0336
0.0289
0.0347
0.0300
7.3403
0.0590
3.0617
0.0415
0.0495
0.1588
0.0842
0.0430
0.0283
0.0300
0.0947
0.0334
0.6838
0.0317
0.0638
0.0723
11.2687
0.0350
0.0319
11.0768
0.0312
0.0816
0.0421
0.5502
0.0595
0.0569
0.0428
0.0485
0.0356
0.0884
0.0331
0.0403
0.0340
0.0434
0.0337
0.0401
0.0293
3.3830
0.0303
0.0429
0.0335
11.1452
0.0525
0.0327
0.0339
0.0438
0.3118
7.3060
12.9501
0.0318
0.0525
14.9554
8.8565
0.0360
11.1380
0.0359
0.0398
1.6134
0.0316
0.0308
0.0357
0.0419
16.8218
0.0397
0.0463
0.0924
0.0336
0.0477
0.0360
0.0587
0.0340
1.7770
0.0377
0.0325
0.0337
0.0496
0.0316
0.0473
0.0308
0.0338
0.0598
0.0460
8.2887
11.5514
0.0306
0.1161
0.0408
0.0420
0.0647
0.0374
0.0339
16.4089
0.0477
0.0295
0.1682
0.0579
0.0505
0.0321
0.0480
0.0303
0.0633
0.0337
0.0747
0.0389
2.6495
0.0329
0.0556
0.0450
0.0524
12.4161
0.0379
0.0402
0.0397
0.0599
0.0548
0.3837
0.0381
0.0656
0.5642
0.0539
0.2221
8.6720
10.3212
0.0303
0.0308
7.4144
0.0357
0.0343
2.4110
0.0633
0.0523
0.0331
15.6133
0.0544
0.0299
0.2526
0.0395
0.0378
0.0749
0.0341
0.0331
0.0363
0.0390
0.0335
0.0634
6.6736
2.7049
0.0636
3.8237
0.0371
0.0497
8.0205
0.3140
8.1894
0.0941
6.7798
0.0346
11.2953
7.6128
0.0359
0.0383
0.0568
0.0593
0.0290
0.1593
13.0887
11.4677
0.0537
0.0362
0.0387
0.0420
0.0288
10.3809
0.0359
0.0482
0.1116
0.0941
0.0312
0.0295
3.0466
0.0351
0.0340
0.0577
0.0293
0.0480
0.0351
2.6258
0.0416
0.0399
0.0450
11.2761
0.0301
11.2988
0.0553
0.5670
0.0487
0.0526
0.0308
0.0434
0.0331
0.0371
0.0522
0.0822
7.6295
0.0516
7.1366
0.0448
0.0542
0.0644
0.0309
0.0298
0.7338
11.2171
9.6153
14.5235
12.8425
0.0324
0.0430
0.6613
0.0417
0.0550
0.0367
0.0582
0.0819
0.0323
0.2101
11.3930
0.8999
0.0497
6.3266
5.9127
0.0501
3.0526
0.0833
0.0635
0.0303
14.1487
0.0763
2.6192
0.0398
0.0937
0.0733
11.0332
3.4281
0.0517
6.6806
0.0931
8.9047
6.1441
0.0281
0.0518
0.0624
0.0366
0.0403
0.0408
0.0295
0.0484
14.7623
6.3207
1.4299
0.0319
0.0280
6.8774
0.0987
0.0280
0.0539
0.0366
0.1684
0.4857
0.0364
0.0397
2.7066
0.0887
3.9646
0.0312
0.0304
0.0374
1.3971
0.1181
9.8299
0.0404
0.1793
0.0352
0.0412
0.0398
0.0414
0.2982
0.1193
7.5846
0.0727
0.0720
0.1570
1.8494
11.8099
1.8049
0.0548
16.6396
0.0512
0.0309
0.0547
0.0392
0.1118
0.0468
6.5399
0.2684
0.0459
0.0860
0.0354
9.8896
0.0717
0.0547
3.7194
0.3440
0.0338
2.7380
0.0656
0.3035
14.4246
0.0603
0.0322
0.0324
0.0393
0.0376
0.0478
0.0621
0.0463
0.0358
0.0442
2.5611
0.0392
0.0402
14.8728
0.0368
11.2020
3.5578
0.0362
0.0310
0.0800
7.3959
10.6320
0.0461
0.0332
0.0707
0.0449
0.1463
8.6093
0.0495
0.0403
0.0889
0.0319
0.0461
10.1657
0.0385
0.0416
0.0311
0.0464
0.0361
0.0352
0.0942
0.0338
0.0324
0.0352
0.0408
0.0466
0.0344
0.0374
6.2091
1.7043
0.0422
0.0332
0.0310
0.0357
0.0460
0.0370
0.0587
16.1534
11.2318
16.1815
0.0832
0.0319
0.1036
7.5390
0.0679
2.7739
0.0757
11.4529
11.2217
7.6670
0.0361
0.0369
0.0357
5.2195
3.7654
0.0410
2.5949
7.0462
0.0368
0.0474
0.0313
0.0882
0.0319
0.0353
15.9298
2.3658
0.0436
11.3276
15.4806
0.0320
16.6938
0.1077
0.0605
11.8264
0.0429
7.3383
0.0467
3.5783
0.0497
3.1495
8.9903
0.1176
7.5924
8.2853
0.0533
0.0352
0.0463
2.6379
0.0422
0.0708
1.3947
0.0497
0.0888
0.0442
9.0345
0.2764
0.0550
0.0416
0.0849
0.0321
0.1022
0.0567
2.8319
0.0905
0.0705
13.3755
0.0675
13.5841
2.3733
0.1721
11.2923
0.0627
4.9676
2.8070
0.0425
0.0408
14.1584
0.0580
0.0432
0.0346
0.0410
4.2512
0.0414
9.0669
0.0529
0.0562
0.0847
9.4036
11.3347
0.0492
0.0606
0.0709
0.0620
0.0420
0.1050
2.8268
11.4599
1.3027
0.0697
0.1146
0.0324
0.0378
0.0423
0.0280
0.0412
9.4757
10.7427
15.0656
7.7106
5.5981
6.8672
0.0366
9.3933
14.8608
1.3243
6.2638
0.0948
0.0568
0.0466
0.0462
0.0351
9.0117
15.5824
0.0312
0.0400
0.0531
4.4181
0.0570
5.5456
6.8159
0.0435
0.0668
0.0326
2.0085
0.0467
2.8600
0.0363
0.0476
10.5774
2.8930
0.0319
0.1258
0.1665
0.0345
0.0599
0.0541
12.7030
12.2422
16.5348
0.0644
0.0628
8.7976
5.3263
9.7401
0.3998
3.8318
0.0400
0.0371
0.0427
0.0285
14.1404
17.1753
0.0329
5.8385
0.0562
0.0363
13.0017
0.0888
0.1051
0.0736
0.0342
11.6530
9.2988
0.0422
0.0639
0.0522
0.1385
0.0597
13.1250
0.0774
0.0424
0.0382
0.0829
0.0316
0.0564
0.0390
0.0334
0.0444
0.0327
0.0797
0.0507
0.0525
0.0438
11.6815
0.0324
0.0295
0.0362
0.9113
0.0471
0.0438
11.2637
0.0420
0.0323
10.2914
15.1466
0.1589
0.0466
0.0393
3.6330
11.2222
4.2223
0.0521
0.0323
0.1039
8.6039
0.9962
0.3566
0.0321
0.0360
10.9823
0.5297
0.4947
0.0408
0.0693
0.0453
8.0841
9.1146
0.0670
9.3936
0.1787
9.5659
0.5821
6.8778
0.0447
0.1041
0.7258
0.0727
0.0337
2.3974
0.0333
0.0396
0.0465
0.0325
0.0626
2.3488
5.2584
12.6481
0.0358
10.9443
0.0682
9.8445
0.0573
0.0332
0.0316
10.9691
5.5366
7.0084
0.0382
13.3884
0.3199
0.0361
0.0534
11.4653
15.8882
0.0399
0.0416
0.0438
0.0340
0.0927
0.0324
0.0334
12.4650
0.0372
0.0296
0.0301
0.0376
0.0304
0.0344
0.0487
0.0346
0.0385
12.3987
0.0363
0.0308
0.0347
1.8253
7.7091
0.0418
0.0527
6.9164
4.1916
10.9712
0.0313
0.0297
0.0454
2.6391
2.6418
0.1245
0.0381
0.0349
0.0420
0.0952
0.0360
4.9229
0.0664
0.0909
0.0389
7.2742
0.0384
3.4914
0.6168
0.0709
11.2950
0.0620
0.0428
0.0330
0.0471
11.4863
0.5396
0.1763
0.0400
9.7686
6.2950
0.0599
0.5112
2.5918
0.0494
0.0615
8.4727
3.9802
0.0337
0.0476
0.0425
16.5816
0.0374
6.8542
9.3499
0.0443
10.4700
0.0306
0.0475
0.0543
0.0322
0.0325
11.0706
0.7547
0.0761
0.0905
0.0648
0.0357
0.0374
0.0310
0.0566
0.0356
0.0294
5.7708
0.0528
0.0624
0.0495
0.0512
0.0424
0.5668
7.1047
0.0353
0.1188
0.0358
0.0328
2.5025
13.9476
0.0462
11.0439
13.4776
3.2991
0.0607
10.2989
13.3852
0.0503
12.4428
7.0056
0.1088
0.0428
0.0353
0.0438
16.1245
0.0474
11.1418
0.0428
0.0307
0.0465
11.2054
4.1723
0.0549
0.0382
0.0338
0.0590
0.0543
0.0548
10.4787
11.1763
0.0907
0.0909
12.4742
14.4052
0.0471
0.0346
0.1407
0.1446
13.5421
7.5580
0.0716
0.0505
0.0536
0.0559
13.7863
16.5328
0.0823
7.8117
0.1594
0.0746
0.6013
0.0712
0.0370
10.3929
0.0597
13.6819
0.0622
17.6067
9.5147
0.4373
0.0383
7.3670
0.0593
0.0773
16.4506
0.0574
0.0370
12.5286
0.0670
0.0500
11.0832
0.0602
0.0334
6.4527
0.0344
0.0330
0.0579
0.0466
0.0796
0.0845
0.0355
10.8807
0.0383
0.0397
0.0835
0.1157
12.9355
14.0479
13.1109
0.0626
9.9590
0.0548
0.1799
0.0345
0.0314
0.0712
0.0581
0.0335
0.6274
0.3842
7.9133
0.1025
9.9985
0.0397
0.0946
0.0452
0.0390
0.0496
0.0585
8.5185
0.0361
14.9225
14.5208
0.0587
0.0464
0.0422
0.0865
15.1952
0.0308
14.4226
0.0750
0.1921
0.0516
8.4144
8.7909
17.5098
5.4530
0.0438
0.0369
7.4337
0.0380
0.0331
12.8969
0.0759
0.0842
0.1199
0.0410
11.1541
3.5530
2.6365
0.0393
0.0391
0.0527
0.0989
6.7131
1.3782
0.0438
0.0520
3.6343
0.0954
0.0333
0.0493
11.0641
5.8589
10.5509
0.0694
2.5972
0.0716
0.0390
5.1225
5.7072
13.0353
3.4446
0.0715
15.4922
0.0337
13.6948
11.0145
0.0397
12.5745
0.0920
5.1659
7.4081
8.3472
10.5840
0.0631
0.0394
10.9966
10.7177
0.0391
16.5444
16.0776
0.0603
1.6843
0.0460
1.0829
0.0403
0.0511
0.0389
0.0326
0.0580
0.0405
0.0360
0.0354
0.0371
9.5194
0.1640
8.8427
11.2191
0.0364
0.0373
10.9229
0.0602
13.4320
14.5926
0.0413
0.0361
0.0469
0.0329
0.0392
0.0509
5.2846
0.0941
13.2017
0.0333
0.0386
8.6491
0.0546
0.0588
0.0353
0.1012
2.6071
1.4700
0.0394
0.0335
0.0456
7.2446
9.3600
11.1824
14.9531
5.9661
5.1816
0.0976
0.0429
0.0488
0.0387
0.0760
7.1116
0.0390
0.0606
6.7029
12.8584
11.2274
10.2183
0.0435
0.0353
0.0333
0.5642
0.0765
0.0435
11.0890
0.0541
9.6762
8.2078
0.0445
7.7670
11.2617
0.0673
0.0441
0.1056
0.0925
0.1091
0.1469
0.0462
0.0630
0.0511
5.4771
0.5579
10.9422
0.0351
0.0585
4.6849
1.3037
0.0829
0.0430
1.8819
0.0562
0.0506
16.8672
5.5256
0.0487
9.5006
0.0517
0.0417
0.0467
0.1034
15.1417
0.0696
0.0614
0.0988
0.1691
10.9075
0.0583
0.0317
0.0394
10.7993
10.8889
0.0446
0.0626
0.0605
0.0334
0.0562
0.0344
0.0875
3.3854
11.9612
8.3968
0.0444
0.0659
10.6313
0.0645
1.9302
15.7628
0.0383
0.0515
8.6241
0.1361
