0.1229
0.0546
0.0638
0.0316
0.0314
0.0384
0.0369
0.0433
0.0466
0.0833
0.0504
0.0440
0.1345
0.1216
0.0401
0.6268
0.0520
0.0533
0.0552
0.0326
0.0349
0.0545
0.0600
0.0315
0.0422
0.0423
0.0450
0.0519
0.0375
0.0324
0.0682
0.0354
0.0462
0.0583
0.0324
0.0453
0.0367
0.0356
0.0375
0.0372
0.0327
0.0797
0.0383
0.0321
0.0408
0.1120
0.0521
0.0398
0.0314
0.0444
0.0477
0.0467
0.0316
0.0487
0.0352
0.0351
0.0660
0.0393
0.1194
0.0742
0.0846
0.0425
0.0408
0.0373
0.0427
0.0445
0.0497
0.0354
0.0309
0.1425
0.0484
0.0379
0.0408
0.0395
0.0739
0.0399
0.0337
0.0599
0.0416
0.0522
0.3731
0.0336
0.0415
0.0842
0.0947
0.0334
0.0638
0.0350
0.0319
0.0816
0.0421
0.0428
0.0356
0.0884
0.0403
0.0340
0.0303
0.0525
0.0318
0.0360
0.0357
0.0397
0.0463
0.0477
0.0360
0.0587
0.0337
0.0496
0.0473
0.0338
0.0460
0.0408
0.0647
0.0477
0.1682
0.0579
0.0505
0.0303
0.0389
0.0450
0.0524
0.0599
0.0539
0.0308
0.0357
0.0343
0.0523
0.0331
0.0378
0.0390
0.0335
0.0634
0.0371
0.0359
0.0383
0.1593
0.0387
0.0420
0.1116
0.0941
0.0312
0.0351
0.0480
0.0351
0.0450
0.0553
0.0487
0.0434
0.0331
0.0522
0.0822
0.0516
0.0448
0.0644
0.0430
0.0417
0.0550
0.0819
0.2101
0.0497
0.0937
0.0517
0.0931
0.0518
0.0366
0.0403
0.0484
0.0366
0.1684
0.0364
0.0397
0.0304
0.0404
0.0352
0.0398
0.0720
0.1570
0.0512
0.0392
0.2684
0.0459
0.0354
0.0547
0.3440
0.0603
0.0322
0.0324
0.0393
0.0358
0.0392
0.0402
0.0362
0.0461
0.0495
0.0889
0.0461
0.0385
0.0416
0.0361
0.0352
0.0408
0.0466
0.0374
0.0332
0.0310
0.0460
0.0370
0.0587
0.0319
0.0679
0.0757
0.0357
0.0410
0.0368
0.0474
0.0313
0.0319
0.0353
0.0320
0.0605
0.0429
0.0467
0.0497
0.1176
0.0533
0.0463
0.0708
0.0497
0.0888
0.0442
0.0550
0.0567
0.0905
0.0705
0.0675
0.1721
0.0627
0.0425
0.0432
0.0346
0.0410
0.0414
0.0562
0.0847
0.0492
0.0709
0.0420
0.1050
0.0697
0.0324
0.0423
0.0366
0.0466
0.0351
0.0531
0.0570
0.0668
0.0326
0.0363
0.0476
0.0319
0.1258
0.0599
0.0644
0.0400
0.0371
0.0329
0.0363
0.0888
0.1051
0.0736
0.0639
0.0774
0.0382
0.0829
0.0316
0.0444
0.0327
0.0797
0.0507
0.0324
0.0362
0.0471
0.0438
0.0323
0.0466
0.0393
0.0521
0.0360
0.5297
0.0408
0.0447
0.1041
0.0727
0.0465
0.0325
0.0358
0.0682
0.0332
0.0316
0.0534
0.0399
0.0416
0.0438
0.0324
0.0372
0.0304
0.0347
0.0418
0.0313
0.0454
0.1245
0.0349
0.0420
0.0952
0.0664
0.0909
0.0389
0.0620
0.0428
0.0330
0.0400
0.0599
0.5112
0.0494
0.0615
0.0337
0.0476
0.0443
0.0475
0.0543
0.0322
0.0325
0.0648
0.0357
0.0374
0.0310
0.0566
0.0528
0.0624
0.0495
0.0512
0.0358
0.1088
0.0353
0.0428
0.0465
0.0382
0.0590
0.0543
0.0548
0.0907
0.0909
0.0471
0.0346
0.1407
0.0505
0.1594
0.0370
0.0622
0.0383
0.0593
0.0574
0.0670
0.0500
0.0334
0.0330
0.1157
0.0626
0.1799
0.0345
0.0581
0.3842
0.1025
0.0946
0.0452
0.0390
0.0464
0.0865
0.0750
0.0516
0.0438
0.0380
0.0331
0.0842
0.0410
0.0391
0.0438
0.0954
0.0694
0.0390
0.0337
0.0397
0.0394
0.0460
0.0403
0.0511
0.0389
0.0326
0.0405
0.0360
0.0364
0.0373
0.0361
0.0329
0.0509
0.0546
0.0588
0.0353
0.0394
0.0456
0.0387
0.0606
0.0353
0.0333
0.0765
0.0441
0.0925
0.1091
0.1469
0.0630
0.0511
0.0351
0.0430
0.0562
0.0506
0.0487
0.0517
0.0467
0.1034
0.0696
0.0988
0.0583
0.0317
0.0626
0.0334
0.0562
0.0344
0.0875
0.0444
0.0659